2 1.000 211.4 206.7 629.5 638.6
4 1.000 11.4 141.2 539.6 633.1
5 1.000 181.5 265.2 359.0 636.6
6 0.999 209.5 37.1 445.3 640.0
7 1.000 319.4 149.4 517.9 640.0
9 1.000 176.1 108.1 464.8 605.0
11 1.000 145.1 176.9 465.8 640.0
12 1.000 229.7 257.5 409.2 634.8
13 1.000 152.2 112.1 311.8 378.2
14 1.000 203.1 225.1 422.7 640.0
16 1.000 112.5 126.2 440.2 548.5
17 1.000 156.5 91.4 460.5 383.9
18 1.000 41.3 155.0 605.1 639.9
19 1.000 100.9 192.7 432.3 640.0
20 1.000 250.3 141.6 398.3 421.3
21 1.000 218.0 161.7 388.6 633.7
32 1.000 155.4 190.7 430.7 638.5
36 1.000 319.3 285.6 493.3 567.7
39 1.000 177.9 69.8 467.2 602.0
40 1.000 181.6 101.2 477.6 390.2
43 1.000 241.7 242.9 383.4 549.0
45 1.000 215.7 304.1 546.1 615.7
48 1.000 269.2 83.4 420.0 302.0
50 1.000 285.9 112.6 515.3 594.7
53 1.000 273.6 94.4 398.6 631.2
54 1.000 316.8 356.7 411.9 539.3
56 1.000 96.9 200.2 478.4 634.2
60 1.000 129.2 115.5 304.9 484.8
64 1.000 213.8 139.3 454.9 508.8
66 1.000 34.3 183.2 576.2 640.0
68 1.000 187.7 330.2 375.6 592.3
76 1.000 155.2 189.2 463.3 638.3
77 1.000 208.5 37.1 379.9 639.8
80 1.000 315.5 307.9 533.1 640.0
81 1.000 206.4 254.2 494.1 578.8
82 1.000 171.0 164.8 349.7 592.9
83 1.000 195.5 124.9 503.4 600.4
85 1.000 259.4 173.5 376.1 379.7
86 1.000 156.2 146.3 422.9 598.3
88 1.000 128.4 199.2 372.4 634.3
89 1.000 168.5 286.8 414.9 640.0
90 1.000 224.7 162.7 367.1 388.7
93 1.000 131.1 302.9 475.5 635.4
94 1.000 205.7 120.8 471.2 640.0
95 1.000 212.7 141.4 489.6 634.2
96 1.000 145.3 134.5 388.1 640.0
103 1.000 286.2 297.7 390.5 640.0
107 1.000 80.7 273.3 351.9 637.4
109 1.000 298.4 368.9 438.6 637.2
110 0.923 208.6 173.5 468.2 619.4
111 1.000 185.8 259.1 335.5 503.6
113 1.000 235.3 67.6 423.0 566.0
117 0.998 150.9 111.5 584.4 569.1
118 1.000 205.0 176.9 326.7 564.7
119 1.000 220.1 123.9 328.9 370.7
121 1.000 327.2 151.4 450.3 427.5
122 1.000 55.6 107.8 492.8 640.0
126 1.000 297.1 244.9 561.9 541.9
131 1.000 192.3 220.4 445.7 639.9
135 1.000 102.4 147.1 336.1 636.6
135 1.000 336.1 161.8 544.0 640.0
136 1.000 138.5 197.5 491.5 636.1
138 1.000 322.7 358.6 426.2 488.1
142 1.000 316.7 214.6 503.6 435.4
143 1.000 188.5 141.1 453.3 640.0
146 1.000 224.2 202.3 451.7 638.1
150 1.000 259.5 169.8 353.5 538.1
152 1.000 283.6 383.5 403.7 630.1
153 1.000 235.1 117.5 395.8 630.8
159 1.000 171.3 334.3 393.1 636.9
160 1.000 77.6 80.2 423.9 442.3
161 1.000 225.7 246.1 399.9 484.9
165 1.000 152.6 152.6 398.0 450.3
172 1.000 12.6 205.0 473.9 632.7
176 1.000 138.6 277.7 299.5 639.8
181 1.000 260.8 113.2 440.8 529.9
184 1.000 280.9 259.7 628.9 631.3
185 1.000 208.3 153.2 470.2 639.1
186 1.000 259.4 308.2 589.4 636.9
187 1.000 2.5 140.2 552.1 638.2
189 1.000 185.8 88.1 527.8 635.0
190 1.000 286.4 293.1 462.0 634.2
191 1.000 250.1 209.9 406.4 634.9
196 1.000 213.2 279.1 478.8 640.0
199 1.000 180.0 52.5 429.4 636.9
200 1.000 246.8 312.6 369.5 454.8
202 1.000 393.5 257.4 612.8 530.5
204 1.000 115.4 321.6 197.2 473.6
205 1.000 230.1 145.3 466.3 490.7
208 1.000 309.9 313.3 441.7 506.2
211 1.000 236.1 179.0 428.7 636.9
213 1.000 160.8 96.4 376.4 453.6
214 1.000 224.7 297.8 399.7 607.1
217 1.000 190.9 286.0 460.4 639.6
218 1.000 240.9 124.8 399.4 414.1
221 1.000 91.0 144.8 482.1 637.9
223 1.000 227.6 144.7 464.4 637.5
224 1.000 199.4 270.1 421.0 638.6
225 1.000 188.7 43.7 438.7 584.9
226 1.000 47.9 222.9 472.2 640.0
228 1.000 216.7 78.2 549.0 640.0
231 1.000 90.1 202.9 531.2 639.1
235 0.071 94.9 120.1 524.5 640.0
238 1.000 180.4 137.7 435.8 369.6
241 1.000 237.3 233.2 506.8 636.2
244 1.000 157.8 241.8 455.4 634.4
245 1.000 138.2 226.7 325.0 640.0
248 1.000 259.8 274.6 367.3 468.4
249 1.000 245.8 113.7 400.2 401.1
250 1.000 98.8 163.7 375.5 626.3
252 1.000 247.1 322.3 354.8 587.8
262 1.000 307.1 413.5 426.4 637.0
267 1.000 134.6 237.8 428.7 563.1
268 1.000 94.2 55.9 515.8 640.0
269 1.000 87.7 230.4 320.0 636.4
270 1.000 239.6 167.5 419.1 482.6
271 1.000 320.7 198.5 530.7 489.4
274 1.000 27.6 121.3 175.2 619.4
274 1.000 480.8 126.1 610.7 617.4
274 1.000 264.2 114.0 378.5 569.0
276 1.000 174.6 169.3 450.6 537.4
278 1.000 271.1 101.3 580.9 640.0
279 1.000 1.0 193.8 554.7 638.7
280 1.000 266.2 347.9 520.2 596.9
283 1.000 254.0 124.4 406.1 586.3
285 1.000 160.7 253.2 411.4 636.8
287 1.000 190.7 106.5 350.9 368.7
290 1.000 184.3 140.5 455.0 508.7
291 1.000 217.6 105.4 409.2 582.3
292 1.000 125.3 217.0 421.9 529.0
293 1.000 206.0 41.0 420.8 371.0
294 1.000 184.2 48.2 410.5 638.9
296 1.000 66.2 63.0 263.4 629.2
296 1.000 249.5 159.6 442.0 640.0
303 1.000 179.9 243.7 495.8 636.5
304 1.000 163.8 299.4 388.6 529.2
305 1.000 183.7 144.3 458.4 529.7
310 1.000 41.1 49.1 249.4 389.2
316 1.000 178.3 216.5 419.8 591.8
317 1.000 206.4 248.3 437.3 639.8
319 1.000 121.7 134.7 394.9 623.5
323 1.000 211.4 300.5 439.6 640.0
324 1.000 179.3 122.4 403.3 638.3
327 1.000 251.5 213.8 340.0 447.1
327 1.000 145.2 194.2 257.9 633.9
327 0.255 328.8 243.1 468.4 632.5
330 1.000 244.5 229.0 513.8 639.2
331 1.000 235.7 207.3 420.3 598.4
