1 1.000 135.4 268.3 493.0 636.5
3 1.000 185.3 377.1 408.4 640.0
10 1.000 244.8 329.2 407.5 549.2
15 1.000 260.1 488.5 432.8 622.1
22 1.000 45.2 522.0 170.6 620.3
23 1.000 270.9 335.7 400.7 624.8
24 1.000 253.3 272.0 416.4 452.6
25 1.000 223.8 381.4 367.5 639.9
26 1.000 207.1 259.7 417.1 626.7
27 1.000 211.9 444.4 475.3 640.0
28 1.000 267.2 333.8 413.7 463.8
31 1.000 304.3 279.9 468.8 578.5
33 1.000 365.5 340.8 439.1 556.2
34 1.000 251.6 354.2 369.3 448.5
35 1.000 205.5 470.1 414.0 635.0
37 1.000 176.1 239.2 354.7 617.7
38 1.000 260.0 346.4 395.1 566.9
41 1.000 340.5 354.9 470.9 544.0
42 1.000 275.6 236.9 399.1 383.8
42 1.000 266.5 371.6 384.0 534.2
44 1.000 198.6 250.9 391.9 513.1
46 1.000 222.6 309.2 383.5 638.1
47 1.000 181.6 522.4 334.0 640.0
49 1.000 209.6 348.8 421.2 640.0
50 0.062 280.7 165.5 504.9 625.7
51 1.000 232.1 252.0 397.6 429.4
52 1.000 281.9 433.3 352.3 541.9
57 1.000 276.4 359.9 374.9 607.9
58 1.000 185.3 376.0 448.4 624.5
59 1.000 199.2 391.5 446.3 638.2
60 1.000 314.7 262.6 433.1 640.0
61 1.000 259.3 362.0 400.4 635.8
62 1.000 239.1 221.2 392.9 632.6
63 1.000 243.2 264.8 421.7 536.2
67 1.000 264.6 312.5 386.0 629.9
70 1.000 1.0 351.6 405.3 640.0
71 1.000 37.3 222.6 258.8 618.8
73 1.000 263.9 408.5 447.3 638.0
74 1.000 287.2 288.6 399.0 503.2
78 1.000 227.0 488.3 398.2 639.2
79 1.000 215.4 299.0 536.9 506.8
84 1.000 177.5 474.0 562.2 640.0
87 1.000 437.3 359.7 561.6 573.8
91 1.000 215.4 386.3 433.4 636.7
97 1.000 308.7 235.2 425.8 559.0
98 1.000 264.2 530.5 448.9 636.8
99 1.000 250.8 371.3 368.3 502.6
100 1.000 277.2 477.5 375.1 608.3
101 1.000 205.0 390.8 409.2 640.0
102 1.000 244.3 299.2 384.2 420.1
104 1.000 185.5 508.8 425.0 634.9
105 1.000 220.6 351.3 381.6 459.1
106 1.000 180.9 429.5 444.1 638.3
108 1.000 259.0 453.1 464.7 635.7
111 1.000 311.5 356.9 435.7 513.2
112 1.000 116.4 396.5 604.2 640.0
114 1.000 254.6 223.6 393.8 574.6
116 1.000 209.8 386.8 365.0 426.9
116 1.000 235.0 395.6 347.7 505.3
123 1.000 241.7 212.4 458.6 529.0
124 1.000 114.8 392.5 376.9 633.6
125 1.000 241.6 342.3 333.2 376.2
127 1.000 286.7 332.1 405.1 635.6
128 1.000 41.9 419.1 440.4 639.8
129 1.000 116.2 403.7 633.6 635.7
130 1.000 182.4 391.2 277.7 630.1
132 1.000 259.7 401.1 323.2 576.7
133 1.000 306.4 299.4 425.6 593.1
137 1.000 297.7 291.3 408.7 437.5
140 1.000 134.3 382.9 423.9 640.0
141 1.000 250.9 268.2 381.5 608.1
144 1.000 452.7 333.3 638.9 549.7
145 1.000 249.1 280.9 376.1 634.7
147 1.000 235.2 516.9 474.0 640.0
148 1.000 299.5 394.9 492.3 619.1
149 1.000 260.1 332.0 399.4 628.7
151 1.000 238.9 330.8 453.7 587.0
154 1.000 301.7 367.2 397.8 454.4
155 1.000 218.8 251.2 582.5 598.6
156 1.000 152.4 292.9 367.9 452.1
157 1.000 265.5 318.9 471.4 534.8
158 1.000 247.9 256.5 368.6 494.2
162 1.000 198.8 220.2 432.1 632.4
163 1.000 289.0 388.4 430.4 457.7
164 1.000 160.1 511.0 403.6 640.0
166 1.000 309.2 333.1 429.2 635.4
167 1.000 247.9 200.9 409.9 629.5
168 1.000 5.0 390.9 277.0 637.3
169 1.000 159.0 412.8 384.4 639.8
170 1.000 360.9 488.0 435.3 637.5
170 0.060 357.4 497.7 435.1 572.0
174 1.000 249.7 346.5 416.9 595.1
175 1.000 251.4 259.4 364.2 411.3
177 1.000 252.0 238.1 426.8 487.9
178 1.000 64.7 172.7 272.6 584.0
179 1.000 131.2 313.4 462.2 537.1
182 1.000 182.0 263.5 333.3 387.3
183 1.000 214.6 521.5 393.2 633.2
188 1.000 179.0 445.4 418.3 638.2
192 1.000 176.9 431.8 419.4 640.0
193 1.000 217.5 398.0 453.5 640.0
194 1.000 280.5 320.5 458.8 635.1
195 1.000 262.5 237.0 387.7 351.6
198 1.000 122.9 180.0 372.3 516.8
201 1.000 232.2 332.8 379.6 547.4
202 1.000 92.8 425.4 531.1 622.8
206 1.000 227.8 475.0 425.3 637.9
207 1.000 225.8 252.6 404.4 573.3
210 1.000 162.8 388.9 405.7 640.0
212 1.000 29.8 278.4 589.1 637.3
216 1.000 267.0 569.3 448.2 640.0
219 1.000 264.1 238.7 394.5 357.3
220 1.000 137.6 456.5 607.8 640.0
222 1.000 192.7 375.4 363.7 576.6
227 1.000 51.0 452.4 531.5 640.0
229 1.000 250.1 231.5 372.1 368.5
230 1.000 196.8 384.7 352.6 595.5
232 1.000 262.1 300.2 369.1 419.6
233 1.000 282.2 275.3 426.2 415.8
234 1.000 206.2 300.4 441.5 633.0
235 1.000 98.3 195.3 534.3 638.5
237 1.000 236.0 384.4 361.0 571.7
240 1.000 306.0 285.9 494.0 640.0
242 1.000 206.4 235.3 405.6 527.7
243 1.000 243.2 485.8 406.2 637.2
246 1.000 282.7 120.4 582.8 470.0
247 1.000 228.7 440.1 425.3 640.0
251 1.000 187.0 312.4 367.8 635.6
253 1.000 100.4 461.4 362.8 640.0
254 1.000 229.0 350.2 374.5 632.0
256 1.000 217.2 233.8 344.6 549.5
257 1.000 269.0 507.6 454.1 640.0
258 1.000 261.6 241.9 381.7 557.9
259 1.000 302.6 294.9 409.1 634.1
259 1.000 129.5 240.3 302.3 626.0
261 1.000 1.0 439.4 552.5 637.8
263 1.000 344.4 441.9 597.9 640.0
264 1.000 300.9 448.8 414.3 611.6
265 1.000 333.4 539.9 435.4 623.5
273 1.000 301.9 224.2 617.0 639.6
275 1.000 262.6 372.0 364.5 478.4
277 1.000 390.9 264.3 561.9 487.2
282 1.000 232.5 250.7 382.6 417.2
284 1.000 263.1 242.6 396.0 386.5
286 1.000 141.1 330.6 467.4 640.0
297 1.000 243.1 287.2 367.4 355.5
299 1.000 284.6 239.7 416.8 405.9
301 1.000 211.8 351.4 436.1 640.0
302 1.000 174.6 475.1 307.7 637.6
306 1.000 219.7 333.2 393.8 565.0
308 1.000 253.5 349.2 507.8 611.2
309 1.000 310.5 286.0 433.2 596.2
310 1.000 266.0 240.2 443.2 591.5
311 1.000 108.2 480.7 395.0 639.7
312 1.000 149.8 414.4 393.7 639.8
315 1.000 279.7 311.3 405.2 438.1
320 1.000 161.6 438.8 375.9 640.0
321 1.000 226.1 248.6 465.5 484.2
322 1.000 168.8 374.0 369.3 610.5
325 1.000 334.3 509.4 569.1 638.7
326 1.000 239.1 539.3 395.3 640.0
327 1.000 333.7 322.2 471.7 639.8
333 1.000 335.7 289.0 437.2 550.5
