3 1.000 149.2 500.7 287.9 637.6
5 1.000 354.8 497.0 639.1 640.0
8 0.996 383.1 147.1 526.1 597.4
15 1.000 107.9 193.3 357.4 628.7
16 1.000 207.7 387.7 284.4 482.0
17 1.000 142.1 352.6 255.4 458.6
18 1.000 160.2 233.2 381.6 636.6
20 1.000 220.8 369.1 270.5 428.7
22 1.000 76.8 581.0 133.9 637.3
25 1.000 198.1 461.5 283.0 554.7
26 1.000 158.9 345.0 286.0 594.5
31 1.000 309.3 160.9 392.7 322.5
38 1.000 199.4 362.4 311.6 545.7
41 1.000 342.7 394.7 445.8 525.9
45 1.000 186.4 450.5 256.2 537.5
48 1.000 273.2 80.5 434.9 258.9
49 1.000 381.7 527.8 485.9 638.5
51 1.000 242.1 238.7 375.7 346.1
52 1.000 268.7 379.9 354.4 638.4
53 1.000 387.3 326.6 432.2 403.3
54 1.000 384.4 354.6 419.7 448.4
55 1.000 223.6 481.1 419.2 603.5
57 1.000 264.9 460.5 322.4 533.3
61 1.000 244.8 460.5 307.0 586.7
63 1.000 358.0 166.3 422.8 345.2
67 1.000 229.2 392.6 290.3 520.0
68 1.000 188.6 315.5 264.4 530.7
72 1.000 359.3 412.2 463.2 489.2
77 1.000 355.8 350.0 419.0 469.7
78 1.000 333.5 424.4 376.6 498.8
83 1.000 223.1 339.1 306.4 481.5
88 1.000 135.5 203.9 194.4 530.8
98 1.000 171.2 183.2 374.3 569.3
99 1.000 303.6 304.9 354.3 446.1
100 1.000 129.0 354.7 342.5 615.3
102 1.000 275.4 185.6 384.2 345.1
105 1.000 361.9 287.5 469.1 437.8
106 1.000 70.0 296.2 293.2 639.6
109 1.000 237.5 386.8 370.3 638.7
112 1.000 4.3 328.8 89.5 456.5
113 1.000 234.1 324.5 270.3 385.6
115 1.000 186.0 298.3 407.4 553.9
118 1.000 278.8 270.0 364.8 325.2
119 1.000 167.4 347.8 237.2 475.7
122 1.000 237.4 400.6 422.4 602.8
124 1.000 262.8 117.6 427.3 358.5
125 1.000 164.5 310.6 299.6 522.6
125 1.000 378.1 272.0 463.9 447.4
127 1.000 277.8 250.2 355.3 386.4
128 1.000 116.6 14.1 385.8 626.7
130 1.000 267.5 469.5 302.8 600.1
131 1.000 141.2 482.2 262.5 640.0
137 1.000 384.4 159.7 483.6 382.9
139 1.000 421.6 490.0 487.3 579.1
140 1.000 314.0 114.4 411.6 388.4
145 1.000 351.9 235.4 423.6 355.6
146 1.000 199.1 400.7 261.3 546.1
150 1.000 352.5 348.1 422.2 479.2
151 1.000 155.8 328.3 233.1 424.2
153 1.000 286.9 328.4 393.9 468.3
155 1.000 1.4 429.3 218.6 635.1
157 1.000 393.8 310.6 462.8 394.8
161 1.000 89.7 370.6 193.7 460.0
162 1.000 406.8 358.3 489.0 486.6
167 1.000 198.6 396.3 278.1 564.3
170 1.000 354.8 481.6 424.8 530.7
171 1.000 118.7 341.7 348.2 640.0
176 1.000 54.0 277.2 186.2 630.0
177 1.000 204.8 53.6 290.4 369.5
179 1.000 461.8 248.0 610.1 334.4
181 1.000 357.1 285.9 422.5 410.5
185 1.000 95.3 317.3 207.5 402.6
191 1.000 314.0 217.5 411.1 434.6
192 1.000 231.7 434.2 420.5 569.6
193 1.000 480.2 523.9 590.5 639.5
194 1.000 207.8 314.1 270.3 478.0
196 1.000 357.0 270.4 496.5 512.5
197 1.000 30.0 262.6 237.3 565.1
197 1.000 410.2 212.9 640.0 505.9
199 1.000 338.0 63.8 438.6 350.9
203 1.000 173.1 392.5 275.9 506.9
203 1.000 294.7 282.9 381.3 321.3
203 1.000 178.6 301.9 281.5 636.8
204 1.000 55.8 254.2 117.4 420.7
205 1.000 96.0 331.3 293.8 639.2
207 1.000 226.8 66.1 337.8 457.2
214 1.000 227.8 385.2 326.3 512.3
216 1.000 226.8 555.2 427.2 639.1
217 1.000 210.0 419.2 309.8 578.2
219 1.000 168.3 249.7 292.3 413.4
221 1.000 352.7 355.9 421.8 454.2
223 1.000 464.3 313.9 562.7 590.0
224 1.000 35.6 470.3 217.5 640.0
228 1.000 269.5 284.3 465.9 440.1
231 1.000 47.9 395.8 170.3 509.0
232 1.000 357.5 227.6 605.9 522.8
234 1.000 264.5 345.7 393.3 615.7
236 1.000 148.6 472.4 304.3 542.1
236 0.052 151.4 463.3 265.2 579.0
242 1.000 212.3 346.7 260.4 435.9
243 1.000 260.6 492.9 388.3 579.9
245 1.000 101.6 247.3 274.1 632.5
248 1.000 289.2 264.6 347.5 392.5
249 1.000 188.4 379.0 298.7 475.0
254 1.000 325.3 416.1 427.8 635.5
255 1.000 137.1 357.9 272.7 509.1
257 1.000 253.4 286.3 398.4 532.6
263 1.000 43.2 510.5 338.1 640.0
265 1.000 117.9 187.1 354.2 617.7
267 1.000 199.0 468.5 344.8 640.0
269 1.000 44.1 237.0 128.2 566.7
270 1.000 324.1 245.7 391.1 342.2
271 1.000 251.6 406.1 404.2 573.5
274 1.000 239.6 318.5 306.3 380.3
275 1.000 381.0 349.9 445.9 423.5
280 1.000 373.7 544.6 549.0 640.0
283 1.000 222.0 271.4 302.1 377.9
285 1.000 302.9 502.5 438.3 640.0
289 1.000 384.5 612.0 468.7 640.0
291 1.000 211.4 323.5 263.6 464.8
296 1.000 372.3 319.3 427.0 377.6
300 1.000 374.9 456.5 463.0 638.1
301 1.000 338.4 99.1 465.0 350.9
302 1.000 166.3 135.4 355.2 534.9
304 1.000 90.1 481.8 182.7 591.4
308 1.000 254.3 356.9 381.6 505.8
309 1.000 261.9 343.8 350.4 446.7
311 1.000 12.0 112.8 247.2 568.8
314 1.000 350.9 293.0 491.6 472.4
315 1.000 226.9 260.3 317.9 376.2
318 1.000 136.9 225.3 204.9 366.7
321 1.000 512.6 339.7 637.8 450.6
325 1.000 204.3 377.0 341.8 616.7
327 1.000 269.6 405.7 347.0 550.9
327 1.000 401.5 435.1 463.9 575.2
330 1.000 396.1 486.2 502.6 640.0
331 1.000 54.9 198.5 145.8 284.3
332 1.000 253.5 382.1 322.2 512.4
333 1.000 472.0 352.0 542.4 439.7
334 1.000 201.7 105.2 266.9 373.8
