1 1.000 263.0 591.1 315.0 636.1
9 1.000 309.9 572.2 353.4 611.1
10 1.000 185.3 468.6 293.0 639.1
10 1.000 319.5 522.8 399.4 570.5
13 1.000 194.4 564.7 259.0 626.3
13 1.000 298.5 582.3 376.3 639.6
16 1.000 247.0 386.9 353.9 639.9
16 1.000 56.1 368.2 190.1 638.2
17 1.000 342.7 546.6 415.4 639.6
17 1.000 285.0 588.2 340.3 639.5
20 1.000 409.8 565.8 471.2 640.0
20 1.000 287.4 562.7 350.2 639.2
21 1.000 335.2 548.0 353.2 588.5
21 1.000 307.8 559.8 346.8 634.2
23 1.000 278.1 586.9 350.9 636.1
24 1.000 493.3 343.5 552.4 471.8
24 1.000 535.7 364.9 620.1 506.6
26 1.000 356.2 616.1 417.1 635.6
26 1.000 218.6 536.7 260.9 566.4
31 1.000 361.5 535.8 396.5 576.0
31 1.000 313.5 568.8 368.7 635.9
33 1.000 387.8 563.0 417.0 621.9
33 1.000 413.1 556.1 448.5 625.1
33 0.239 394.4 559.3 436.8 623.0
34 1.000 182.5 566.2 237.4 634.6
36 1.000 427.1 589.4 483.2 638.8
36 1.000 315.7 555.6 348.6 596.4
37 1.000 201.1 585.8 230.9 640.0
38 1.000 259.7 566.2 350.5 609.2
38 1.000 355.7 555.1 443.1 591.8
39 1.000 384.5 439.4 456.3 640.0
39 1.000 162.8 422.2 266.1 640.0
40 1.000 173.0 537.9 241.2 612.2
40 1.000 311.5 523.8 348.0 592.0
41 1.000 413.1 512.7 482.0 588.7
41 1.000 334.2 547.5 410.6 604.8
42 1.000 343.2 507.8 398.7 620.0
42 1.000 258.1 517.5 303.7 640.0
43 1.000 217.0 520.2 244.7 550.9
43 1.000 318.8 524.8 335.8 547.9
44 1.000 333.7 502.5 376.5 615.7
44 1.000 189.4 442.0 265.5 555.1
45 1.000 231.1 605.0 312.5 639.9
45 1.000 297.2 550.0 360.9 620.5
48 1.000 239.9 307.7 288.9 567.0
48 1.000 307.2 302.0 432.7 519.1
50 1.000 274.8 595.9 325.3 640.0
51 1.000 237.0 578.4 280.2 640.0
51 1.000 342.1 558.2 397.5 636.9
57 1.000 275.2 603.5 323.1 637.9
57 1.000 343.7 587.1 390.1 638.4
63 1.000 325.5 519.5 358.3 599.9
63 1.000 232.4 488.7 299.6 612.9
64 1.000 142.5 539.1 235.2 636.5
66 1.000 159.3 445.8 325.8 571.6
67 1.000 297.2 610.5 386.2 638.3
69 1.000 601.5 451.3 639.2 482.3
72 1.000 48.9 575.1 196.7 636.9
79 1.000 247.7 498.8 328.5 594.9
79 1.000 465.9 515.3 526.6 624.9
81 1.000 346.9 575.7 391.6 639.5
81 1.000 274.9 554.4 342.0 636.3
82 1.000 110.7 602.1 194.1 637.0
83 1.000 172.3 590.8 225.6 638.6
85 1.000 184.2 538.0 261.8 573.6
85 1.000 318.0 530.3 355.3 577.9
86 1.000 252.6 544.6 290.5 631.0
87 1.000 523.9 543.0 593.4 623.7
87 1.000 398.5 553.9 465.3 634.9
90 1.000 270.9 553.7 301.9 618.0
90 1.000 380.4 549.2 435.0 613.7
97 1.000 320.9 504.7 384.8 572.0
97 1.000 393.4 562.2 448.5 637.1
107 1.000 297.8 429.8 429.6 638.7
107 1.000 437.9 514.6 522.8 639.7
112 1.000 411.1 562.0 541.6 637.4
114 1.000 250.3 563.9 285.9 627.9
114 1.000 347.6 555.2 398.1 616.9
116 1.000 310.2 500.9 366.7 639.2
116 1.000 234.3 487.4 293.5 640.0
118 1.000 260.2 548.6 306.6 633.2
118 1.000 220.5 593.1 265.2 636.1
119 1.000 222.4 560.5 279.5 639.1
119 1.000 397.4 585.2 461.5 638.9
121 1.000 385.8 579.3 422.6 638.4
123 1.000 317.8 569.3 366.2 638.4
123 1.000 334.4 429.6 394.1 513.0
125 1.000 370.6 469.8 403.4 514.6
127 1.000 369.6 604.6 403.4 639.1
132 1.000 260.9 614.2 328.8 636.7
132 1.000 244.8 574.0 328.7 614.1
133 1.000 387.7 591.6 429.9 635.6
133 1.000 308.0 570.6 352.3 626.7
137 1.000 355.3 429.6 411.9 620.1
137 1.000 306.8 412.1 369.0 635.9
141 1.000 337.9 555.5 369.1 624.3
141 0.156 327.2 559.8 360.8 630.9
141 1.000 309.1 565.9 347.0 635.2
142 1.000 440.7 530.4 498.9 617.8
144 1.000 498.4 564.8 552.9 599.7
144 1.000 442.2 566.7 493.0 606.4
145 1.000 327.3 598.1 357.8 634.1
148 1.000 147.2 548.3 207.9 637.0
148 1.000 208.7 575.6 254.9 634.3
150 1.000 297.3 546.0 350.1 638.5
151 1.000 403.2 583.8 498.5 638.4
155 1.000 489.1 495.8 619.0 639.9
155 1.000 576.0 480.5 639.6 581.6
155 0.171 547.4 486.7 634.1 606.6
156 1.000 553.1 306.2 591.2 394.5
156 1.000 435.9 300.5 518.9 372.2
156 1.000 152.4 467.8 236.6 579.8
157 1.000 261.0 542.6 320.3 620.3
157 1.000 447.6 535.6 517.4 610.3
158 1.000 307.2 476.7 365.3 601.9
158 1.000 236.1 477.7 296.9 614.1
160 1.000 320.3 562.0 367.0 628.4
161 1.000 305.1 523.0 337.3 582.4
161 1.000 198.7 381.7 255.7 415.1
163 1.000 310.7 508.9 367.9 635.5
163 1.000 367.1 513.4 415.8 640.0
165 1.000 295.7 484.6 348.4 606.6
165 1.000 463.1 460.2 574.6 550.3
166 1.000 389.8 542.9 423.5 609.9
174 1.000 359.0 593.6 418.6 639.0
174 1.000 288.8 457.5 357.4 554.4
175 1.000 240.0 413.1 303.5 615.9
175 1.000 295.4 406.5 430.2 640.0
177 1.000 352.6 485.3 406.1 639.5
177 1.000 220.8 470.1 301.5 639.1
178 1.000 115.3 558.5 159.0 637.0
178 1.000 221.1 523.8 271.4 638.2
179 1.000 348.4 555.1 500.7 629.8
179 1.000 226.6 524.4 345.2 597.1
181 1.000 314.4 557.0 352.9 637.0
182 1.000 211.5 569.4 235.8 606.4
182 1.000 237.7 559.8 270.4 619.6
186 1.000 49.0 481.1 108.2 545.0
191 1.000 312.3 621.0 332.0 639.9
195 1.000 346.3 575.2 409.2 637.1
195 1.000 293.2 549.4 350.6 631.2
198 1.000 288.9 493.2 383.0 635.4
198 1.000 158.1 450.6 221.0 640.0
199 1.000 156.3 483.3 264.6 637.8
200 1.000 272.0 555.4 300.2 632.9
200 1.000 354.9 567.1 400.3 636.1
201 1.000 283.7 597.6 325.9 636.3
201 1.000 249.1 555.5 293.9 637.3
203 1.000 340.8 596.4 389.8 636.0
203 1.000 317.3 547.3 354.2 609.3
204 1.000 37.8 507.9 86.1 550.9
204 1.000 43.6 562.9 90.1 610.3
204 0.684 38.9 498.7 89.1 611.8
207 1.000 349.3 578.8 394.2 620.1
208 1.000 396.0 411.6 442.0 441.8
208 1.000 396.5 418.0 432.9 488.8
213 1.000 236.6 569.2 273.1 639.7
219 1.000 333.5 493.3 384.0 639.7
223 1.000 274.1 545.1 344.0 639.2
223 1.000 155.3 563.5 272.6 637.7
225 1.000 231.3 415.6 285.0 636.3
225 1.000 354.5 586.2 391.7 634.6
229 1.000 257.3 478.5 286.3 562.5
229 1.000 275.3 543.0 345.2 625.0
233 1.000 345.4 563.6 378.4 632.8
233 1.000 201.3 597.6 286.7 635.0
234 1.000 363.1 459.5 444.8 634.7
234 1.000 201.3 495.0 259.3 638.9
236 1.000 148.5 537.6 230.6 598.6
236 1.000 130.3 543.6 177.8 600.0
236 0.158 151.9 479.5 242.5 598.7
237 1.000 283.6 577.5 352.3 628.3
237 1.000 229.1 602.5 265.0 639.7
238 1.000 420.1 484.3 521.2 612.7
238 1.000 341.4 555.2 421.5 640.0
241 1.000 130.9 496.3 237.8 636.4
242 1.000 314.9 597.9 361.1 639.3
242 1.000 182.9 614.1 269.4 638.0
246 1.000 326.4 29.8 447.8 321.7
246 1.000 488.1 16.5 569.8 170.4
248 1.000 292.7 601.0 362.1 638.1
249 1.000 288.6 582.9 329.4 639.4
249 1.000 425.8 587.0 478.0 640.0
250 1.000 255.6 532.9 291.8 615.7
250 1.000 309.9 564.3 369.6 631.8
256 1.000 309.0 564.1 347.4 639.9
256 1.000 265.2 516.0 297.7 575.7
258 1.000 342.0 531.8 371.0 577.0
258 1.000 283.7 574.3 325.1 638.3
259 1.000 120.1 569.0 141.0 621.1
260 1.000 333.8 516.3 370.4 574.6
260 1.000 294.8 543.1 328.4 612.1
263 1.000 133.4 463.0 200.3 516.4
263 1.000 18.6 431.1 138.8 522.6
264 1.000 346.0 579.3 374.6 638.8
270 1.000 276.4 569.3 312.3 638.5
274 1.000 485.3 583.2 552.7 625.0
274 1.000 307.3 552.4 349.1 637.3
274 1.000 5.0 565.8 64.6 614.3
277 1.000 428.1 567.8 467.4 637.0
281 1.000 369.2 599.5 416.3 637.0
281 1.000 189.1 579.5 258.0 637.8
282 1.000 216.6 573.6 268.9 638.8
283 1.000 344.0 552.6 376.1 616.9
283 1.000 311.5 575.1 344.1 639.3
287 1.000 272.5 532.3 310.6 596.4
287 1.000 134.2 544.3 196.2 620.5
287 1.000 354.5 520.2 417.3 583.4
287 1.000 421.3 563.9 465.4 637.6
290 1.000 507.1 79.4 537.3 158.0
290 1.000 476.5 69.8 507.6 136.0
291 1.000 256.9 581.0 297.4 623.3
291 1.000 297.1 597.3 352.2 636.6
293 1.000 329.0 505.9 395.4 634.8
293 1.000 191.9 450.6 250.7 637.7
299 1.000 363.0 540.0 418.8 632.7
299 1.000 296.3 560.1 348.4 637.5
306 1.000 229.9 602.6 283.4 640.0
308 1.000 264.9 607.5 324.5 638.3
308 1.000 512.4 578.0 564.9 637.1
309 1.000 334.6 570.4 381.3 625.7
310 1.000 160.7 539.6 204.7 622.0
310 1.000 286.2 575.7 338.5 637.7
312 1.000 432.5 494.3 569.1 580.9
315 1.000 200.4 578.3 282.4 603.7
315 1.000 329.7 563.0 359.9 619.2
316 1.000 341.2 485.8 413.1 624.5
316 1.000 384.0 418.6 487.7 518.0
318 1.000 295.3 622.3 339.9 638.9
318 1.000 195.2 617.6 230.8 639.3
319 1.000 315.6 518.7 369.8 596.9
320 1.000 502.9 563.5 639.1 629.8
320 1.000 402.9 539.9 506.7 599.2
321 1.000 295.9 483.3 344.6 606.9
321 1.000 383.7 472.8 434.8 566.8
327 1.000 297.1 549.9 329.5 639.0
327 1.000 263.7 478.5 292.7 636.7
327 1.000 200.3 497.2 247.0 640.0
331 1.000 394.3 483.2 470.1 576.3
331 1.000 298.7 561.9 346.1 637.6
333 1.000 407.9 565.4 430.0 605.0
333 0.165 385.4 559.9 433.0 607.0
334 1.000 319.2 491.4 352.0 556.6
334 1.000 254.9 555.8 312.9 634.7
