1 1.000 240.1 162.6 392.4 271.0
3 1.000 184.6 215.9 464.5 469.7
5 1.000 60.0 185.6 565.7 640.0
6 1.000 208.3 65.0 456.6 557.0
8 1.000 299.2 114.8 636.9 608.8
10 1.000 176.3 109.7 384.1 330.1
14 1.000 162.9 213.2 459.7 540.4
15 1.000 263.4 174.2 470.8 549.3
22 1.000 48.6 346.4 268.9 548.9
23 1.000 262.1 191.9 450.3 335.5
24 1.000 259.1 107.0 552.9 353.9
25 1.000 250.3 264.5 357.9 383.4
26 1.000 211.0 94.6 446.4 302.0
27 1.000 201.2 146.9 497.8 481.3
28 1.000 166.3 272.5 351.1 400.9
29 1.000 293.4 266.3 423.4 633.5
29 1.000 134.8 243.1 526.9 640.0
30 1.000 163.1 145.3 422.0 620.1
31 1.000 288.5 148.0 439.6 270.6
33 1.000 382.7 231.9 428.6 345.3
33 1.000 322.0 215.5 502.1 523.4
33 1.000 364.8 227.9 440.6 381.6
34 1.000 201.7 228.5 408.7 388.9
35 1.000 177.7 134.8 463.0 551.9
37 1.000 173.6 125.1 324.6 296.7
37 1.000 217.2 150.4 291.2 229.7
38 1.000 229.6 108.2 368.7 354.4
41 1.000 357.2 173.9 448.3 379.7
42 1.000 252.4 124.2 373.4 313.7
44 1.000 269.4 152.4 422.7 324.7
46 1.000 259.3 190.1 440.9 402.5
46 1.000 305.6 201.9 363.4 312.6
47 1.000 162.7 411.7 332.1 536.1
49 1.000 205.1 202.0 479.1 496.6
50 1.000 331.7 105.4 521.6 247.7
51 1.000 215.6 98.1 376.7 367.0
51 1.000 301.5 176.3 356.6 250.3
52 1.000 205.6 328.1 340.2 423.4
52 1.000 200.7 345.5 387.5 640.0
55 1.000 145.5 254.7 450.8 640.0
57 1.000 235.6 249.2 378.5 457.9
57 1.000 291.5 257.9 357.3 362.5
58 1.000 152.4 180.9 343.0 322.2
59 1.000 206.7 138.0 546.2 419.3
60 1.000 302.5 100.0 443.3 380.6
61 1.000 263.3 245.8 431.2 421.8
62 1.000 191.0 52.8 447.0 352.6
63 1.000 246.9 151.4 394.4 321.0
65 1.000 61.8 230.0 442.8 640.0
66 1.000 149.0 97.8 545.8 429.6
67 1.000 254.7 157.1 455.7 377.5
67 1.000 299.2 186.2 339.5 314.7
69 1.000 184.6 121.0 355.3 324.3
70 1.000 277.6 206.8 636.8 578.3
71 1.000 134.2 114.4 251.7 208.0
72 1.000 314.2 294.6 600.9 636.4
73 1.000 175.3 320.0 386.8 484.2
74 1.000 287.6 190.1 375.5 273.9
75 1.000 40.6 242.3 556.1 640.0
75 1.000 148.6 193.3 468.4 586.2
78 1.000 141.8 289.3 490.1 595.5
78 1.000 204.6 301.6 396.5 554.4
79 1.000 208.9 151.5 506.3 485.9
79 1.000 266.0 162.2 449.4 372.1
79 1.000 279.5 168.8 416.7 293.6
82 1.000 166.2 132.4 342.2 330.6
84 1.000 260.7 179.2 583.2 509.0
85 1.000 273.5 174.4 373.5 249.1
91 1.000 202.5 162.2 437.1 481.6
92 1.000 161.4 182.4 468.0 640.0
97 1.000 302.6 97.9 497.7 240.6
99 1.000 240.1 293.2 356.9 369.9
100 1.000 223.3 221.7 386.6 529.5
101 1.000 245.3 182.6 359.5 342.4
101 1.000 176.3 162.1 467.3 377.1
102 1.000 235.4 173.4 423.5 309.4
104 1.000 141.7 275.6 515.0 516.4
105 1.000 211.4 196.6 322.7 401.5
105 1.000 187.9 168.8 353.3 459.3
106 1.000 149.1 134.6 638.9 478.2
108 1.000 268.8 273.5 433.7 429.7
110 0.897 189.7 168.7 478.1 591.3
111 1.000 309.7 258.8 417.1 372.6
112 1.000 105.2 219.2 399.0 464.7
114 1.000 91.3 82.9 389.1 490.9
114 1.000 303.6 75.2 390.3 294.0
115 1.000 285.1 188.3 498.1 412.9
116 1.000 194.5 170.8 348.0 397.0
117 0.328 161.3 103.7 585.7 587.9
119 1.000 179.1 99.0 385.7 380.8
120 1.000 3.7 216.4 436.9 638.7
123 1.000 164.0 104.3 428.0 231.1
123 1.000 250.4 79.2 352.9 213.7
123 0.056 177.7 115.9 273.7 229.2
124 1.000 1.0 1.4 426.8 415.8
125 1.000 235.9 202.6 386.5 364.4
127 1.000 232.7 137.3 474.8 528.9
127 1.000 328.1 217.5 374.3 327.8
127 0.062 293.4 219.3 383.2 350.0
128 1.000 191.3 9.0 542.0 486.1
129 1.000 104.2 93.2 464.7 421.7
130 1.000 177.6 291.3 297.9 394.5
132 1.000 240.8 153.3 347.5 407.6
133 1.000 251.7 180.3 443.8 499.8
134 1.000 141.8 259.2 293.4 607.9
137 1.000 299.4 162.0 445.0 320.6
140 1.000 181.1 119.2 355.8 401.3
141 1.000 219.7 82.2 371.8 325.2
144 1.000 478.1 300.6 546.8 394.6
145 1.000 235.7 125.3 447.5 358.3
145 1.000 243.2 175.1 362.2 341.3
147 1.000 4.8 105.0 631.2 571.5
147 1.000 283.2 152.2 450.8 508.4
148 1.000 214.2 112.0 617.6 517.5
149 1.000 228.4 67.1 418.4 336.3
150 1.000 254.1 127.4 409.9 419.6
150 1.000 280.8 134.7 329.6 190.9
151 0.104 184.1 168.0 334.6 368.1
151 1.000 72.0 159.8 361.1 377.0
151 1.000 241.7 171.0 308.8 358.0
154 1.000 330.1 275.7 371.2 367.8
154 1.000 271.7 274.7 404.4 414.5
154 0.403 312.8 279.0 380.7 388.2
155 1.000 118.9 197.3 320.3 340.7
156 1.000 251.3 178.4 320.3 292.2
157 1.000 327.4 189.3 443.6 315.8
158 1.000 259.0 126.5 381.0 261.7
162 1.000 83.3 7.4 433.5 331.2
163 1.000 267.8 94.5 412.0 386.6
164 1.000 114.7 172.6 473.5 549.0
166 1.000 246.2 174.4 494.3 467.0
166 1.000 343.1 172.8 397.1 338.7
167 1.000 288.0 105.8 418.0 191.8
168 1.000 58.3 202.0 518.9 489.5
169 1.000 128.7 121.0 459.8 561.1
170 1.000 370.9 403.1 427.3 497.7
171 1.000 304.6 298.6 503.9 613.5
173 1.000 178.0 263.1 434.2 632.1
173 1.000 383.4 255.3 640.0 636.0
174 1.000 273.8 183.1 457.1 391.9
175 1.000 176.8 58.0 446.8 278.1
177 1.000 230.2 52.3 452.1 325.7
178 1.000 55.4 20.4 292.3 295.6
179 1.000 147.2 164.1 333.9 329.9
180 1.000 21.4 187.4 301.0 638.3
182 1.000 170.4 140.7 328.6 267.3
183 1.000 175.1 217.7 476.2 513.9
188 1.000 181.7 151.1 372.1 444.4
192 1.000 163.5 248.4 480.6 467.4
194 1.000 298.4 165.5 411.2 306.8
195 1.000 245.7 118.5 391.2 291.7
197 1.000 186.4 215.8 546.7 633.1
198 1.000 143.4 7.7 383.9 282.9
200 1.000 217.4 242.7 379.5 414.8
201 1.000 218.5 294.8 360.1 454.5
201 1.000 276.7 209.2 372.5 307.9
203 1.000 316.3 199.1 368.0 240.0
203 1.000 232.4 152.8 404.9 342.4
205 1.000 140.0 315.8 453.8 630.8
206 1.000 214.4 282.8 457.5 568.7
207 1.000 83.4 97.7 405.3 260.9
209 1.000 113.8 237.7 428.8 638.0
212 1.000 283.2 1.0 625.0 465.2
212 1.000 343.2 20.8 590.4 281.5
215 1.000 319.0 182.1 521.6 456.0
216 1.000 258.8 413.0 456.6 584.2
218 1.000 199.3 123.6 436.4 549.5
220 1.000 152.9 212.7 344.7 474.4
222 1.000 171.7 214.8 368.6 383.0
223 1.000 445.6 252.8 542.0 548.4
227 1.000 191.4 263.2 435.1 559.6
227 1.000 268.0 273.4 376.9 469.0
229 1.000 213.9 99.0 403.1 239.8
230 1.000 256.6 237.2 426.2 436.8
232 1.000 287.0 174.1 381.0 281.1
234 1.000 257.4 191.2 345.6 372.5
234 1.000 212.2 142.6 401.9 393.4
235 1.000 299.3 117.1 403.0 248.6
236 1.000 217.3 240.4 420.4 382.4
237 1.000 259.5 284.5 349.8 401.5
239 1.000 135.8 206.1 547.3 638.4
240 1.000 280.8 149.9 459.7 406.3
240 1.000 364.2 186.8 419.8 297.5
242 1.000 230.3 83.6 430.0 237.7
243 1.000 251.4 318.6 396.1 494.9
246 1.000 192.9 386.0 558.5 569.3
247 1.000 16.1 228.0 640.0 442.0
251 1.000 181.5 75.6 361.6 361.5
253 1.000 94.0 213.7 428.1 554.4
255 1.000 299.5 149.1 515.6 366.6
256 1.000 210.2 152.4 382.6 234.0
257 1.000 189.4 290.6 455.3 533.9
258 1.000 269.1 127.6 369.0 236.5
259 1.000 366.8 230.0 500.3 407.6
259 1.000 197.8 107.7 322.9 252.9
260 1.000 284.3 123.7 385.1 234.6
261 1.000 53.7 268.1 599.6 640.0
263 1.000 308.2 167.2 601.8 465.1
264 1.000 323.3 375.0 415.9 489.5
265 1.000 280.7 168.6 473.5 555.7
266 1.000 225.6 261.0 353.8 509.4
272 1.000 156.0 131.0 454.3 554.7
273 1.000 60.2 41.1 474.0 452.5
275 1.000 237.5 258.1 436.9 501.3
277 1.000 389.7 85.2 593.2 258.9
282 1.000 190.5 77.0 458.2 393.9
282 1.000 242.8 91.5 349.8 227.4
284 1.000 282.4 112.9 339.3 225.9
284 1.000 216.9 100.0 404.9 303.5
286 1.000 264.6 234.9 325.3 321.7
288 1.000 208.1 68.3 312.7 171.9
289 1.000 167.5 149.5 476.5 606.6
295 1.000 47.9 239.9 446.5 639.5
295 1.000 143.4 264.0 333.7 631.9
297 1.000 228.5 163.5 420.9 272.7
298 1.000 159.3 313.9 544.7 521.7
299 1.000 235.6 107.1 428.6 306.7
300 1.000 251.3 196.7 389.8 375.1
301 1.000 282.1 103.2 429.0 403.9
302 1.000 177.8 139.4 367.6 407.7
306 1.000 256.3 223.6 391.0 328.9
307 1.000 1.0 8.9 639.0 638.0
308 1.000 269.4 159.7 431.3 347.3
309 1.000 342.2 206.8 400.3 340.0
309 1.000 280.7 164.4 457.3 385.8
310 1.000 261.2 62.7 447.3 259.8
311 1.000 9.3 85.6 602.6 571.3
312 1.000 121.5 245.2 509.1 601.4
313 1.000 136.1 244.8 470.7 638.0
314 1.000 148.5 165.6 553.7 583.4
314 0.251 197.3 275.6 493.8 549.6
314 0.080 311.4 228.2 511.5 506.5
315 1.000 265.6 175.1 398.2 378.5
317 1.000 4.9 10.0 640.0 640.0
320 1.000 146.2 325.8 294.3 497.3
321 0.067 251.0 136.5 380.3 280.2
322 1.000 92.3 238.5 304.5 431.6
322 1.000 198.6 250.1 272.0 369.2
325 1.000 280.7 191.3 640.0 568.6
326 1.000 224.8 299.6 509.1 640.0
327 1.000 341.6 221.7 457.7 423.9
328 1.000 227.5 176.9 507.5 605.1
329 1.000 223.8 45.8 369.9 326.4
332 1.000 224.7 287.1 290.1 360.8
333 1.000 294.7 125.7 500.4 335.7
